[gd_scene load_steps=8 format=3 uid="uid://bvrcc78olwes5"]

[ext_resource type="PackedScene" uid="uid://dooejl0leg8h3" path="res://block.tscn" id="1_qpybb"]
[ext_resource type="PackedScene" uid="uid://df87wdbyo4hv5" path="res://cube.tscn" id="2_hl145"]
[ext_resource type="Environment" uid="uid://w275r51i3vfl" path="res://Resources/level_1_environment.tres" id="4_q4y5n"]
[ext_resource type="PackedScene" uid="uid://cwc2jateucvs6" path="res://coin.tscn" id="5_fms5q"]

[sub_resource type="StandardMaterial3D" id="StandardMaterial3D_jwygu"]
albedo_color = Color(0.67451, 0.235294, 0.964706, 1)

[sub_resource type="BoxMesh" id="BoxMesh_e1h13"]
material = SubResource("StandardMaterial3D_jwygu")
size = Vector3(10, 0.5, 10)

[sub_resource type="BoxShape3D" id="BoxShape3D_na7ep"]
size = Vector3(10, 0.5, 10)

[node name="Level1" type="Node3D"]

[node name="Floor" type="StaticBody3D" parent="."]
transform = Transform3D(1, 0, 0, 0, 1, 0, 0, 0, 1, 0, -0.270845, 0)
metadata/_edit_group_ = true

[node name="MeshInstance3D" type="MeshInstance3D" parent="Floor"]
mesh = SubResource("BoxMesh_e1h13")

[node name="CollisionShape3D" type="CollisionShape3D" parent="Floor"]
shape = SubResource("BoxShape3D_na7ep")

[node name="DirectionalLight3D" type="DirectionalLight3D" parent="."]
transform = Transform3D(1, 0, 0, 0, 0.753816, 0.657086, 0, -0.657086, 0.753816, 0, 7.15093, 7.56399)
shadow_enabled = true

[node name="Blocks" type="Node3D" parent="."]

[node name="Block1" parent="Blocks" instance=ExtResource("1_qpybb")]
transform = Transform3D(1, 0, 0, 0, 0.866025, 0.5, 0, -0.5, 0.866025, 0, 2, -1.21987)

[node name="Block2" parent="Blocks" instance=ExtResource("1_qpybb")]
transform = Transform3D(1, 0, 0, 0, 0.965926, -0.258819, 0, 0.258819, 0.965926, 1, 4, -3.41082)

[node name="Block3" parent="Blocks" instance=ExtResource("1_qpybb")]
transform = Transform3D(0.966318, -0.222873, -0.128676, 0.257352, 0.836856, 0.483159, 0, -0.5, 0.866025, 0.274193, 4.75113, 0.808885)

[node name="Block4" parent="Blocks" instance=ExtResource("1_qpybb")]
transform = Transform3D(0.966318, -0.248583, 0.0666076, 0.257352, 0.933391, -0.250101, 0, 0.258819, 0.965926, 0.725807, 6.94112, 1.80888)

[node name="Block5" parent="Blocks" instance=ExtResource("1_qpybb")]
transform = Transform3D(0.966318, -0.248583, 0.0666076, 0.257352, 0.933391, -0.250101, 0, 0.258819, 0.965926, -3.70314, 6.94112, 1.80888)

[node name="Block6" parent="Blocks" instance=ExtResource("1_qpybb")]
transform = Transform3D(0.966318, -0.248583, 0.0666076, 0.257352, 0.933391, -0.250101, 0, 0.258819, 0.965926, 3.86531, 6.94112, -0.917459)

[node name="Cube" parent="." instance=ExtResource("2_hl145")]
transform = Transform3D(1, 0, 0, 0, 1, 0, 0, 0, 1, -4, 1, -3)

[node name="Coin1" parent="." instance=ExtResource("5_fms5q")]
transform = Transform3D(1, 0, 0, 0, 1, 0, 0, 0, 1, 0, 1, 3.53811)

[node name="Coin2" parent="." instance=ExtResource("5_fms5q")]
transform = Transform3D(1, 0, 0, 0, 1, 0, 0, 0, 1, 4.01618, 1, 3.53811)

[node name="Coin3" parent="." instance=ExtResource("5_fms5q")]
transform = Transform3D(1, 0, 0, 0, 1, 0, 0, 0, 1, 4.01618, 1, -3.12323)

[node name="WorldEnvironment" type="WorldEnvironment" parent="."]
environment = ExtResource("4_q4y5n")
